   1.5258864623023116E-005   6.5768837974636979E-002
   3.0517782522752196E-005   3.2884419009214398E-002
   6.1035569749956064E-005   1.6442209572493646E-002
   1.2207120742953933E-004   8.2211048797161106E-003
   2.4414245320928014E-004   4.1105524917996903E-003
   4.8828498951508995E-004   2.0552762493570341E-003
   9.7656998437633527E-004   1.0276381776485204E-003
   1.9531400358675953E-003   5.1381908959406610E-004
   3.9062801100767357E-003   2.5690955148124093E-004
   7.8125602619020657E-003   1.2845484441787879E-004
   1.5625120582701796E-002   6.4227515252574690E-005
   3.1250241250020280E-002   3.2113810319154776E-005
   6.2500482509237038E-002   1.6056970551449860E-005
  0.12500096506007399        8.0285553947743858E-006
  0.25000193021118006        4.0143539171884967E-006
  0.50000386044860545        2.0071817050314326E-006
  0.99999799289190316       0.99999799285111834     
   2.0072121455008696E-006   2.0072245226904206E-006
   4.0145233947408432E-006   1.0036487952010120E-006
   8.0290714933664575E-006   5.0192265261574109E-007
   1.6058215252766350E-005   2.5103666188592416E-007
   3.2116495657368016E-005   1.2552559951499107E-007
   6.4233054478210483E-005   6.2851270453542427E-008
   1.2846613622740678E-004   3.1469276366084646E-008
   2.5693234910429200E-004   1.5782411353878253E-008
   5.1386472198602234E-004   7.9186963411980154E-009
   1.0277294798985287E-003   3.9759988722498077E-009
   2.0554590084487755E-003   2.0777650546743571E-009
   4.1109181078183565E-003   1.0449389552657921E-009
   8.2218363061020219E-003   5.7292175887457125E-010
   1.6443672663833231E-002   3.1836417194508118E-010
   3.2887345426330650E-002   2.0857974554644267E-010
   6.5774690879275732E-002   1.1336315396209740E-010
  0.13154938185332787        6.4056483222301845E-011
  0.26309876375672642        7.0442433577413756E-011
  0.52619752754116100        1.2660295923953141E-010
  0.99999999992637179       0.99999999991984156     
   1.7425640791435271E-010   8.5166823246551893E-011
   4.2466423433307199E-010   1.1960386413906177E-010
   9.3211018764582931E-010   7.2338457706572212E-011
   1.8658071225183259E-009   1.0501474147737999E-010
   3.8184389521828122E-009   1.1546169998832151E-010
   7.7105003458421972E-009   1.3027203832815734E-010
   1.5520946479441466E-008   1.5399321854031416E-010
   3.1065212442379919E-008   1.0762877274258977E-010
   6.2165526393265225E-008   1.0514173499263880E-010
   1.2439016414123039E-007   1.3716900154991224E-010
   2.4882153636107684E-007   1.5273555495542632E-010
   4.9767000443769194E-007   1.1790723338050800E-010
   9.9539373926704755E-007   1.0574533649462724E-010
   1.9908161997470031E-006   7.0705424352431986E-011
   3.9816477714841453E-006   9.2518192858679958E-011
   7.9633757835255448E-006   4.9564460224509637E-011
   1.5926805012032169E-005   7.4630237778308281E-011
   3.1853705560129508E-005   1.1214436585460071E-010
   6.3707466578639960E-005   1.4514591048780727E-010
   1.2741499564218606E-004   1.5677691155149722E-010
   2.5483000726111114E-004   9.9663595411871873E-011
   5.0966008599319726E-004   6.2874510449096870E-011
   1.0193201810854251E-003   5.8896066490971568E-011
   2.0386403624708047E-003   7.0877337677003051E-011
   4.0772807276292303E-003   1.0642062526224502E-010
   8.1545615490481796E-003   7.7201373505151536E-011
   1.6309123116185938E-002   7.0354633446877528E-011
   3.2618246321070930E-002   1.0038317826701009E-010
   6.5236492657175349E-002   1.1832620513824974E-010
  0.13047298535293217        9.7935615547138521E-011
  0.26094597075583842        6.3721101846091832E-011
  0.52189194157039553        1.1641810632508870E-010
  0.99999999994259270       0.99999999997912281     
   7.6491781658694080E-011   3.5692329300451853E-011
   2.5131405984035737E-010   5.8722817407319550E-011
   5.1681009125004174E-010   8.5851259695041149E-011
   1.0588328044208728E-009   9.1777073571094880E-011
   2.1640686603818793E-009   1.4199804602554184E-010
   4.3407403895259766E-009   9.0974733334744234E-011
   8.7134057417254107E-009   1.0841428034718929E-010
   1.7439482692151176E-008   1.1933251054788065E-010
   3.4941128783730346E-008   1.3997355080970454E-010
   6.9907041728295427E-008   1.1762993565515140E-010
   1.3985301484942259E-007   7.9139985538118659E-011
   2.7970886721379040E-007   1.2973732470329154E-010
   5.5946038415161103E-007   7.9070756713294090E-011
   1.1190155169704674E-006   8.0566667833836193E-011
   2.2380441527802830E-006   1.2884816299851245E-010
   4.4760975229183458E-006   8.0643936819221729E-011
   8.9522021521886569E-006   7.6855848497452062E-011
   1.7904429610101844E-005   5.1938843194861795E-011
   3.5808937535509316E-005   7.1500146620987937E-011
   7.1617910023420717E-005   8.0980080550043476E-011
   1.4323590094129229E-004   1.3365746543865337E-010
   2.8647186704717359E-004   8.8353568452582051E-011
   5.7294380205356182E-004   1.3506895995661929E-010
   1.1458876291196643E-003   1.5362044472388437E-010
   2.2917753053655517E-003   1.2740579176273309E-010
   4.5835506707704587E-003   1.4545903246426659E-010
   9.1671014171252618E-003   1.1895399186820298E-010
   1.8334202929387262E-002   1.2275085430911404E-010
   3.6668405902707535E-002   1.4384515264764098E-010
   7.3336811874313151E-002   1.4214323894179071E-010
  0.14667362384734084        1.6651310751697278E-010
  0.29334724777980864        1.1218817127686597E-010
  0.58669449561335985        1.0753754277147098E-010
  0.99999999990280586       0.99999999993386535     
   1.2380629507702245E-010   1.5379122281222735E-010
   2.9161643586017583E-010   1.4987036264790810E-010
   6.7015924060109811E-010   1.4649940115185611E-010
   1.4203905066012545E-009   1.4390323221230572E-010
   2.9149525779259555E-009   7.3860848210163810E-011
   5.9185082459944915E-009   8.9429148223026111E-011
   1.1883348756402956E-008   5.1233939454223970E-011
   2.3838039743540040E-008   7.4511281937224630E-011
   4.7742847369969255E-008   1.0546054796860358E-010
   9.5505650207772241E-008   1.4439365919979201E-010
   1.9109788867988087E-007   1.6119867715845234E-010
   3.8225017217827228E-007   9.4518835210935276E-011
   7.6454537909984022E-007   1.4619566568846014E-010
   1.5291123113825300E-006   1.1770015468012604E-010
   3.0582561959882626E-006   1.1031601995879662E-010
   6.1166005423801684E-006   9.9130550865681752E-011
   1.2233247837927647E-005   1.3023024319377589E-010
   2.4466532191638746E-005   8.6266998721702200E-011
   4.8933164294918952E-005   5.8493925833283842E-011
   9.7866391638654071E-005   9.0881979451641841E-011
   1.9573278333679357E-004   4.5528870817113906E-011
   3.9146564400878095E-004   9.5497935187100329E-011
   7.8293131993530118E-004   8.9521334409123556E-011
   1.5658627081200224E-003   1.1281684595261670E-010
   3.1317254367662158E-003   1.4005040520551839E-010
   6.2634509444244807E-003   1.5289599616348899E-010
   1.2526901898303831E-002   8.4621749687855386E-011
   2.5053803873008131E-002   1.0526804210116590E-010
   5.0107607767401474E-002   7.3988696023356276E-011
  0.10021521554290902        7.5876651638486355E-011
  0.20043043118103401        1.3269283561325818E-010
  0.40086086240105340        9.3267881129133650E-011
  0.80172172487132365        7.5037437133196545E-011
   1.0000000000026492        1.0000000000033491     
   3.8896861426218621E-011   2.4866476933116388E-011
   9.7190457071238967E-011   1.3564844560109979E-011
   2.1356328684662973E-010   1.0510597990912030E-010
   4.5153198194314292E-010   1.3452559227168648E-010
   9.1670944619981487E-010   1.0707714933905904E-010
   1.8935198999037173E-009   7.1226611468664519E-011
   3.8698752605204056E-009   5.1386410778635552E-011
   7.8385442164874419E-009   5.1410059382869279E-011
   1.5700448351141372E-008   3.5868765863565372E-011
   3.1422837745015419E-008   8.1406103866465138E-011
   6.2915276217989646E-008   1.2018003248556134E-010
   1.2590017671454401E-007   1.3538403726080485E-010
   2.5186730549103808E-007   1.3103499532759178E-010
   5.0374025504151473E-007   1.2533915223820602E-010
   1.0075032108461737E-006   9.4547357783460852E-011
   2.0150764051280606E-006   5.9017367378673053E-011
   4.0302290673192853E-006   8.2120990561593791E-011
   8.0605135257608151E-006   9.9859384649346718E-011
   1.6121060018157995E-005   1.2022862566587965E-010
   3.2242134340834498E-005   7.6283073607643909E-011
   6.4484317214180339E-005   1.2416410781469059E-010
   1.2896871575491728E-004   1.1776561930488045E-010
   2.5793750540948485E-004   9.0483524752662004E-011
   5.1587502435218070E-004   9.8096587059976776E-011
   1.0317500797782410E-003   1.0786020026350194E-010
   2.0635002113648382E-003   9.7014865054180712E-011
   4.1270004486139468E-003   8.5530046668159355E-011
   8.2540009365296464E-003   8.7451604158650787E-011
   1.6508001920648906E-002   8.2508924626118112E-011
   3.3016003869227095E-002   4.9080767021528290E-011
   6.6032007775428378E-002   4.9932606557191776E-011
  0.13206401561803516        9.2589987708514173E-011
  0.26412803128746393        1.1915580845814935E-010
  0.52825606264700464        1.5405317211571476E-010
  0.99999999989201649       0.99999999993996302     
   9.2192965067683375E-011   1.0608037365189560E-010
   2.3610044821986698E-010   1.1917573525255243E-010
   5.1238418022347965E-010   1.2015183813163244E-010
   1.1234186289565962E-009   7.5115291590932554E-011
   2.3138470861550076E-009   7.1939393244541128E-011
   4.6818651872060357E-009   8.8250456204905237E-011
   9.4466542435722722E-009   4.5620279472483038E-011
   1.8920729438071104E-008   8.7108005379123166E-011
   3.7896072516141466E-008   1.3533876997611285E-010
   7.5818806356472979E-008   1.6467804303901303E-010
   1.5166228600760334E-007   1.6673655215033740E-010
   3.0339397437406657E-007   1.2894341695860465E-010
   6.0686965887291056E-007   6.6680060686999431E-011
   1.2137553926181571E-006   1.0403502880984713E-010
   2.4275815678521939E-006   9.5681350840316076E-011
   4.8552213778099707E-006   1.2301166984926594E-010
   9.7105419089027478E-006   1.3107372803748702E-010
   1.9421111768974653E-005   1.4092312375343233E-010
   3.8842240655831070E-005   7.0886948300935257E-011
   7.7684530880767905E-005   4.3435145711093041E-011
   1.5536907806962957E-004   1.1204767736297659E-010
   3.1073823443844573E-004   1.3069174942477512E-010
   6.2147651251943589E-004   6.5980020443106075E-011
   1.2429530835175867E-003   8.4837848744075986E-011
   2.4859061737201446E-003   9.6821181376853262E-011
   4.9718123864134298E-003   6.9993170162026836E-011
   9.9436248114037964E-003   9.7682719142365013E-011
   1.9887249688712930E-002   1.1977334208103006E-010
   3.9774499431291979E-002   8.7915540196719760E-011
   7.9548998944177163E-002   8.1148732213878524E-011
  0.15909799795696447        7.1591239204639333E-011
  0.31819599591486369        4.6175339255550368E-011
  0.63639199188182338        1.0067568203153719E-010
  0.99999999992139277       0.99999999990485222     
   1.0221126289094995E-010   1.1117515762160135E-010
   2.7679889456899698E-010   8.5289788252784771E-011
   5.5865803302856953E-010   9.0425312637004707E-011
   1.1630322330202780E-009   9.7211485172374323E-011
   2.3707134241823802E-009   6.3636889052580414E-011
   4.7700210795142972E-009   1.1518665269652159E-010
   9.6096058818662122E-009   1.1537092155645794E-010
   1.9287328192896247E-008   9.0802945227458874E-011
   3.8580403895031867E-008   1.4408976626195972E-010
   7.7215047087145217E-008   7.2210607891825705E-011
   1.5451571343597093E-007   3.9040832719100332E-011
   3.0906918190715116E-007   6.8485585084762559E-011
   6.1819598109677520E-007   1.0813865419434377E-010
   1.2364598953942818E-006   1.0769598576643097E-010
   2.4729233495436338E-006   6.6098678592140999E-011
   4.9459440346435492E-006   5.1876896864616427E-011
   9.8919232011463257E-006   8.7350997089854964E-011
   1.9783907163431827E-005   5.6268767854229750E-011
   3.9567869613055945E-005   1.2353722233414755E-010
   7.9135774918588642E-005   1.4557877136783282E-010
   1.5827164726239795E-004   9.8690798642800560E-011
   3.1654331967755078E-004   9.1778973337076992E-011
   6.3308672065989086E-004   1.3568090402552653E-010
   1.2661734657783818E-003   1.4390217837452794E-010
   2.5323470010424030E-003   1.1713620178325520E-010
   5.0646940284468211E-003   1.2511842864023219E-010
   1.0129388068550738E-002   8.3515444127139256E-011
   2.0258776148469035E-002   9.6455187370632726E-011
   4.0517552297545986E-002   6.5825006795342864E-011
   8.1035104655027904E-002   7.6103315435634587E-011
  0.16207020931830646        1.0679310081114037E-010
  0.32414041867414389        1.3701719553602573E-010
  0.64828083736065145        1.6584319648231770E-010
  0.99999999983712029       0.99999999984219212     
   2.0723233545849595E-010   2.3475160704222731E-010
   5.0786769928423681E-010   1.4239132442583902E-010
   1.0517011740651672E-009   1.4810706307211152E-010
   2.1533978662724440E-009   1.4897869483193604E-010
   4.3739860691727195E-009   1.4265591702714020E-010
   8.8236491516124893E-009   7.4964700245983007E-011
   1.7670355477450439E-008   5.9649078645168663E-011
   3.5396971159729063E-008   9.5086716929079773E-011
   7.0855603349906371E-008   8.4689925536861332E-011
   1.4173368680613085E-007   6.5714107929087245E-011
   2.8353267477257416E-007   4.9449795034564245E-011
   5.6713975996047772E-007   4.0700659896942930E-011
   1.1342842837626203E-006   8.6549681504522521E-011
   2.2685810619942418E-006   1.3819054105166403E-010
   4.5372105420358327E-006   1.3119982813352153E-010
   9.0745124865544702E-006   6.7394347700562649E-011
   1.8149084327651055E-005   1.0588433287840666E-010
   3.6298218313482455E-005   5.8311591395944861E-011
   7.2596480790217827E-005   8.1073276429161944E-011
   1.4519303877483930E-004   4.7072263554113086E-011
   2.9038612182870696E-004   1.2125413213512786E-010
   5.8077229043154016E-004   9.3532667921991079E-011
   1.1615446254560589E-003   1.2109371154705421E-010
   2.3230892714462287E-003   7.7684789207024672E-011
   4.6461785801444298E-003   1.3281493268792042E-010
   9.2923572567739782E-003   9.1903210748540234E-011
   1.8584714520581472E-002   5.8336472811424174E-011
   3.7169429093796710E-002   4.5176542197782219E-011
   7.4338858239364133E-002   3.3106750415603458E-011
  0.14867771656288586        5.3409573856373321E-011
  0.29735543316816077        5.9427521172670236E-011
  0.59471086640767623        8.7391338577801340E-011
  0.99999999999979705       0.99999999998843325     
   9.5226514174040489E-011   8.1545846464248228E-011
   2.2935903176701800E-010   1.3429706999246172E-010
   5.1927831479225972E-010   1.0335688034601720E-010
   1.0925070847989105E-009   9.7185656224019201E-011
   2.2251833847741764E-009   7.2636865706271481E-011
   4.4586753230463350E-009   7.8476296858434602E-011
   8.9645886373890260E-009   6.8214780287075005E-011
   1.7939674177604170E-008   5.5745997715964807E-011
   3.5959550221190129E-008   8.0616887975339460E-011
   7.1985982456196362E-008   1.2667271388994237E-010
   1.4399633992308314E-007   1.3449278491703453E-010
   2.8801904612858753E-007   1.0552852339600093E-010
   5.7604619279044006E-007   9.8740519221339582E-011
   1.1521156722572867E-006   1.2890550605510967E-010
   2.3042804788188376E-006   6.4775619462748040E-011
   4.6085875695378586E-006   9.8856695682228448E-011
   9.2172176581681309E-006   6.8110804464512071E-011
   1.8434531663884257E-005   4.7459294811456196E-011
   3.6869142913321939E-005   1.1833408974128330E-010
   7.3738302942164685E-005   1.1976716007434333E-010
   1.4747661226467311E-004   9.4632731510117547E-011
   2.9495325377612829E-004   9.8282177187327411E-011
   5.8990659013589790E-004   1.3257493176133215E-010
   1.1798132529161030E-003   9.9230881237422563E-011
   2.3596265860406293E-003   1.1279176590101050E-010
   4.7192531766153123E-003   6.0537905179181128E-011
   9.4385063685621315E-003   1.0697543403401239E-010
   1.8877012743297398E-002   1.0541802776302403E-010
   3.7754025579509763E-002   7.4760563703778220E-011
   7.5508051179475816E-002   4.6279541653187353E-011
  0.15101610242892072        9.3785891724281961E-011
  0.30203220490730454        7.3070781802751608E-011
  0.60406440988576615        7.4371989339077400E-011
  0.99999999994569255       0.99999999994888877     
   9.4720845750240201E-011   9.8061066211574399E-011
   2.7556041476417548E-010   1.4675435519584390E-010
   5.9557273349164497E-010   7.6801464493625460E-011
   1.2435226216800377E-009   4.1564594431206525E-011
   2.5623625998782984E-009   7.9941100072054849E-011
   5.2070142989024681E-009   7.2928415639338801E-011
   1.0437236405008710E-008   9.0117019180052313E-011
   2.0917534638426050E-008   8.5416601458446033E-011
   4.1933801750437816E-008   1.3939926846168313E-010
   8.3952656541874671E-008   1.5645104584069490E-010
   1.6793647358154251E-007   9.3064552231223222E-011
   3.3597270700236326E-007   1.1048460565876039E-010
   6.7199222146194226E-007   1.4843376432149496E-010
   1.3440535201747483E-006   1.5575753833235559E-010
   2.6881611937916439E-006   1.3515940426242405E-010
   5.3763383091754574E-006   1.6210470800935530E-010
   1.0752758751713526E-005   9.6593741625953865E-011
   2.1505521610902262E-005   8.2658186688951729E-011
   4.3011054223725254E-005   5.0982899744587573E-011
   8.6022160324758512E-005   2.7731940868149446E-011
   1.7204437679788076E-004   9.9553559402838329E-011
   3.4408880528655553E-004   1.1722923304647073E-010
   6.8817768429058762E-004   1.2846062744265192E-010
   1.3763553708611245E-003   8.3428684045373215E-011
   2.7527108088213461E-003   7.6301511956339680E-011
   5.5054216242717063E-003   5.2221791981208113E-011
   1.1010843340655148E-002   4.8276528167544398E-011
   2.2021686719321750E-002   8.2739832126376612E-011
   4.4043373455374762E-002   4.4003869231609383E-011
   8.8086746979862157E-002   9.8236321474580288E-011
  0.17617349403109384        5.6850576139707347E-011
  0.35234698812116860        1.2097558882635350E-010
  0.70469397633530695        1.0353238660934982E-010
  0.99999999994706457       0.99999999997959321     
   1.1233038110791682E-010   8.0570550231584548E-011
   2.9704440296374202E-010   9.2218923469777891E-011
   6.4317048908968388E-010   6.2251401949930951E-011
   1.3839525289660592E-009   8.8561715252954976E-011
   2.7952301636519072E-009   9.7423573548749420E-011
   5.6603161359414234E-009   1.1541670614026445E-010
   1.1330375509349677E-008   1.1258196219894601E-010
   2.2721824775862043E-008   1.2308752162046993E-010
   4.5493162081217120E-008   1.1870201810414496E-010
   9.1045212959051103E-008   1.0348231183087732E-010
   1.8210554759284792E-007   1.0196860658628643E-010
   3.6428423156459333E-007   5.4149953760600309E-011
   7.2857362479628734E-007   7.9281302948027614E-011
   1.4571793138153794E-006   4.3146596791061539E-011
   2.9143831418530081E-006   3.2291334229387323E-011
   5.8288045805474087E-006   7.1328601725402773E-011
   1.1657668877937399E-005   9.6775347641229464E-011
   2.3315431281020760E-005   1.2559068863501235E-010
   4.6630913876872376E-005   1.1146344511690449E-010
   9.3261892766510757E-005   1.2543129506092075E-010
   1.8652382628679340E-004   1.1140057861702262E-010
   3.7304770055186787E-004   1.2674528558337180E-010
   7.4609545452358761E-004   9.1037327570791010E-011
   1.4921909696009872E-003   7.3529032115728940E-011
   2.9843820095389120E-003   8.9813459767919000E-011
   5.9687641129032160E-003   6.8446988168286432E-011
   1.1937528267155842E-002   9.3971096782810850E-011
   2.3875056612611897E-002   1.3901078304619660E-010
   4.7750113293372885E-002   1.5162311386733095E-010
   9.5500226639487068E-002   9.8838524419238676E-011
  0.19100045329334256        1.3937137741052795E-010
  0.38200090661182728        1.3483714238173477E-010
  0.76400181322413607        1.6101214852360747E-010
  0.99999999986652310       0.99999999992486432     
   1.0302852841703736E-010   1.7037874583403223E-010
   2.5673902934175707E-010   9.7484333105857246E-011
   5.5512558785886235E-010   1.1898929411224834E-010
   1.1539002774119123E-009   7.0268520169225468E-011
   2.3844180380150348E-009   4.5120803794651554E-011
   4.8129625875026338E-009   5.7018036559580709E-011
   9.6556315824780636E-009   1.0427112320278431E-010
   1.9345114121716023E-008   8.5211395339963858E-011
   3.8695788856166202E-008   9.9923979735103835E-011
   7.7440106313608759E-008   7.0210164532279531E-011
   1.5489166008044591E-007   1.3253986473062921E-010
   3.0986978111040286E-007   1.1545399196817270E-010
   6.1977630168991160E-007   1.3821822771945534E-010
   1.2395688237590297E-006   8.5067090119589285E-011
   2.4791434197987162E-006   5.7458666962059669E-011
   4.9583336497226529E-006   6.6790141458554481E-011
   9.9167556698882137E-006   7.5808400521989303E-011
   1.9833552564567369E-005   1.0303365070489616E-010
   3.9667135961877348E-005   5.7531053096742354E-011
   7.9334353365399790E-005   1.1853119367008181E-010
   1.5866879867997702E-004   1.4938738880858177E-010
   3.1733767436457894E-004   9.1773309903973063E-011
   6.3467540597333949E-004   4.9027009248036061E-011
   1.2693508922734520E-003   7.6734947072115153E-011
   2.5387018707090647E-003   6.6087280888335324E-011
   5.0774038283675285E-003   9.1729828297930223E-011
   1.0154807695652242E-002   1.2705445535014161E-010
   2.0309615443871491E-002   1.5751435825335881E-010
   4.0619230929746786E-002   1.3674341646622618E-010
   8.1238461934408077E-002   1.5645011391314964E-010
  0.16247692390262464        9.7179906799064451E-011
  0.32495384787956189        1.2048188330872801E-010
  0.64990769584703989        6.7527824556999135E-011
   1.0000000000034834        1.0000000000203781     
   1.5559786098462425E-011  -1.1392838929202842E-011
   4.7222482868480853E-011   3.5983202095052347E-011
   1.0408780521525829E-010   8.5460867332506907E-011
   2.6443676935661298E-010   1.2403510499508358E-010
   6.1669271425590644E-010   1.3895355867451706E-010
   1.2969059576262154E-009   1.5912917595488178E-010
   2.6816531911721952E-009   1.2821165698941647E-010
   5.3746134313914506E-009   1.0185426134646678E-010
   1.0787488801539125E-008   1.1968490098391237E-010
   2.1587151542018512E-008   6.7524607485827388E-011
   4.3188633280788480E-008   8.1526367280594506E-011
   8.6448125352633909E-008   6.4565107613740526E-011
   1.7293534734785787E-007   1.2987061643769702E-010
   3.4593357135098701E-007   1.3305517213515349E-010
   6.9195801175037097E-007   1.0276759359024661E-010
   1.3840019447916574E-006   1.3081158752856728E-010
   2.7680467768916028E-006   7.2756882252211620E-011
   5.5361434168378632E-006   8.4765707541978242E-011
   1.1072331907138050E-005   9.2348569363781513E-011
   2.2144737890139599E-005   1.3945863020780323E-010
   4.4289505792435152E-005   8.4348856792255945E-011
   8.8579022586695623E-005   5.0206630903407846E-011
   1.7715814242099011E-004   6.5921053530106422E-011
   3.5431630868300312E-004   1.2927653054873398E-010
   7.0863270071339773E-004   8.4446248652895062E-011
   1.4172654143749276E-003   6.1853865803264624E-011
   2.8345308626617528E-003   8.8494841674947281E-011
   5.6690617693503087E-003   1.0281487727764645E-010
   1.1338123581988324E-002   8.8227683408631722E-011
   2.2676247202208330E-002   1.0412708607830678E-010
   4.5352494447363931E-002   6.6942269762053414E-011
   9.0704988961747515E-002   1.3301117775596159E-010
  0.18140997799330166        1.0677956747449751E-010
  0.36281995607153117        1.3534249918444649E-010
  0.72563991222240054        1.0509617039349993E-010
  0.99999999989586463       0.99999999994288169     
   1.2102410046344048E-010   1.2176781805095516E-010
   3.0653796861956906E-010   1.4078736787492829E-010
   6.5081233110997339E-010   1.0616085788228702E-010
   1.3405746998595980E-009   8.6511100366726268E-011
   2.7505082517143009E-009   5.7745272973031003E-011
   5.5301690414510940E-009   9.5558265727352376E-011
   1.1145774594933933E-008   7.9249001241551986E-011
   2.2305963428767561E-008   9.9849436769987310E-011
   4.4612485663032657E-008   1.4200764994259582E-010
   8.9263166817973513E-008   1.2265697200866503E-010
   1.7856077918305610E-007   8.7741831473488706E-011
   3.5715065833160503E-007   1.2723571691006892E-010
   7.1431375572340861E-007   1.2707978167152459E-010
   1.4286323811703652E-006   1.0934446277668399E-010
   2.8573024439936673E-006   7.0259514588622127E-011
   5.7146804735459800E-006   1.0172707523243291E-010
   1.1429362100131863E-005   1.3035159958210976E-010
   2.2858780291693838E-005   9.4041232404655521E-011
   4.5717602139389371E-005   7.9081740790861590E-011
   9.1435255737806753E-005   1.1145637866611207E-010
   1.8287059568000003E-004   7.8917710816669118E-011
   3.6574123786068183E-004   7.6794777956399729E-011
   7.3148248072565057E-004   4.5782404320509262E-011
   1.4629649816962336E-003   7.9509464322221712E-011
   2.9259300465448550E-003   8.2009966195116296E-011
   5.8518601770445461E-003   7.0309319832539155E-011
   1.1703720372208666E-002   7.0907220550530821E-011
   2.3407440837828326E-002   9.4395524124962569E-011
   4.6814881712560680E-002   9.3503634393490752E-011
   9.3629763487904388E-002   1.4119702579499372E-010
  0.18725952701638740        7.5646668801210961E-011
  0.37451905407725983        9.7416033231762297E-011
  0.74903810822935080        1.3512516782859546E-010
  0.99999999987797716       0.99999999987533283     
   1.9119796718092275E-010   2.0800492578354479E-010
   4.4052443637365712E-010   1.6986180864653200E-010
   9.7925210301719190E-010   8.6822493422164526E-011
   2.0506514888940508E-009   6.2879125409080749E-011
   4.1980752901737972E-009   8.3746787228524550E-011
   8.4240301522625627E-009   1.1385287154784367E-010
   1.6907106142188821E-008   1.4063460117318734E-010
   3.3897681411820813E-008   1.3630605671266114E-010
   6.7868407623017379E-008   1.3245568877489982E-010
   1.3577176814771885E-007   1.1971545456176860E-010
   2.7160995100944385E-007   9.2200616064727137E-011
   5.4330682080355741E-007   9.0337324859794433E-011
   1.0867054383162378E-006   7.2835397652150930E-011
   2.1735060519445515E-006   4.8141479626407782E-011
   4.3470537046189084E-006   1.0770826727252763E-010
   8.6942036627776775E-006   8.7146953526104599E-011
   1.7388459943725593E-005   9.7169090820985305E-011
   3.4777001698162169E-005   1.4157353691738531E-010
   6.9554069685603959E-005   9.5109612544737005E-011
   1.3910823351409585E-004   1.0722711503328484E-010
   2.7821647963154669E-004   7.8310909319191925E-011
   5.5643304793563490E-004   5.8773227343706653E-011
   1.1128661121670609E-003   1.1298630334271906E-010
   2.2257322845746288E-003   1.1881741547672846E-010
   4.4514646530171217E-003   1.2657350923662932E-010
   8.9029293451897765E-003   1.5041513551728556E-010
   1.7805858757114323E-002   8.6768222969549882E-011
   3.5611717514232651E-002   1.1099063603006887E-010
   7.1223435091340603E-002   1.0095003439476807E-010
  0.14244687024011579        5.3701941133778714E-011
  0.28489374051537086        1.1235919606713087E-010
  0.56978748106782540        1.2232213392633130E-010
  0.99999999993532085       0.99999999988367383     
   1.9077299462377795E-010   1.4427548045148342E-010
   4.2580835038497078E-010   8.9779737463824283E-011
   8.6079676980127529E-010   1.3461433964051528E-010
   1.8208354667786919E-009   1.2672308645142460E-010
   3.6449712666544731E-009   1.3245469803434273E-010
   7.3386637027689217E-009   1.2316132391287232E-010
   1.4766899810586542E-008   1.0503092270691336E-010
   2.9602659032401668E-008   7.2831276355959582E-011
   5.9253490086730309E-008   6.3659919661575824E-011
   1.1860169214783500E-007   5.6259973398454632E-011
   2.3729871050787166E-007   7.5825147020442329E-011
   4.7461012977513539E-007   1.3405618047485936E-010
   9.4930597510992087E-007   8.8769051699110044E-011
   1.8986126510035653E-006   1.2263197603547485E-010
   3.7972303413176794E-006   1.5732145548253664E-010
   7.5945248200252023E-006   1.3600073201375641E-010
   1.5189063349380950E-005   8.0904652153464877E-011
   3.0378209161430539E-005   9.0637695825499966E-011
   6.0756483911624665E-005   9.5824725170938986E-011
   1.2151302046867207E-004   5.9752086231403934E-011
   2.4302613124298211E-004   9.6766473810112663E-011
   4.8605229024453918E-004   8.7053966717840520E-011
   9.7210461963841144E-004   1.2663664834229206E-010
   1.9442092635769456E-003   7.5662732652669880E-011
   3.8884185999845423E-003   1.0263887984867076E-010
   7.7768372200907303E-003   1.3618896799629785E-010
   1.5553674442437090E-002   7.8650704826166360E-011
   3.1107348903672054E-002   7.5422092593319078E-011
   6.2214697885309943E-002   1.0963146730422478E-010
  0.12442939583725629        1.1291264287997954E-010
  0.24885879170962982        7.2171729581482074E-011
  0.49771758344846873        5.2996799249066181E-011
  0.99543516691930711        9.3633544290252890E-011
  0.99999999994684297       0.99999999999501743     
   6.2918784765608748E-011   3.9167336041145973E-011
   1.6956160781012031E-010   8.9547577686310831E-011
   4.2255147991721032E-010   1.2397203402736423E-010
   9.3000972894996536E-010   9.0207959158039586E-011
   1.8864856135558661E-009   6.2100054265545879E-011
   3.8263244170333444E-009   3.8368380521347500E-011
   7.7525223809993271E-009   9.4201259206311283E-011
   1.5517266837780652E-008   6.3560572386919811E-011
   3.1077044351096594E-008   1.0910052668147013E-010
   6.2175445476181368E-008   9.7943087396922673E-011
   1.2435419867646604E-007   1.4190367096981148E-010
   2.4871900163947816E-007   9.7580496566623647E-011
   4.9748620813225980E-007   1.2806826299183996E-010
   9.9499816869075275E-007   8.5425690159239521E-011
   1.9900245838092717E-006   8.0775585539096645E-011
   3.9800699799391603E-006   1.3324055297242557E-010
   7.9602163662179093E-006   1.2827658848660380E-010
   1.5920490317698766E-005   9.9771693252551343E-011
   3.1841071420166123E-005   6.9675875616827383E-011
   6.3682154250998060E-005   1.1395197257620469E-010
   1.2736437831825306E-004   5.8801104469688827E-011
   2.5472883143339703E-004   4.0853465505382070E-011
   5.0945775236314883E-004   8.5889610926463090E-011
   1.0189155393153515E-003   8.1186097540643770E-011
   2.0378311001356068E-003   7.3722194030757307E-011
   4.0756622020497206E-003   1.2829789265043679E-010
   8.1513244826464226E-003   1.0349402213371295E-010
   1.6302649038291182E-002   1.3490209804972325E-010
   3.2605298164362029E-002   8.0411960015151135E-011
   6.5210596363066531E-002   1.3441291392805764E-010
  0.13042119276235220        1.0241248949773662E-010
  0.26084238553276989        1.0839535236507508E-010
  0.52168477114317913        1.3861780679081346E-010
  0.99999999991071176       0.99999999994311384     
   1.2115958930580817E-010   1.0042368325802187E-010
   2.7755060402756548E-010   8.5127526555650590E-011
   5.8325565384376166E-010   1.3447560252843882E-010
   1.2291265331920709E-009   1.4169580352801914E-010
   2.4740070755924215E-009   1.4848964896216343E-010
   4.9732096548543714E-009   1.3545059410029203E-010
   1.0031879615207684E-008   9.9186037313091224E-011
   2.0124603677951214E-008   6.2185215039377989E-011
   4.0286573532027914E-008   4.4421922601933436E-011
   8.0599333316874744E-008   3.4814053481951705E-011
   1.6121894835449679E-007   9.2459504862205024E-011
   3.2244499171239782E-007   9.2121109118080370E-011
   6.4498630777606869E-007   6.9528119256106308E-011
   1.2899923673391489E-006   1.0315864823180163E-010
   2.5799928673264985E-006   1.3700296449945369E-010
   5.1600009909145289E-006   8.0519137349953967E-011
   1.0320082894203081E-005   1.3467881193223691E-010
   2.0640170340436789E-005   7.3365626287483025E-011
   4.1280423653092951E-005   5.0800745661229343E-011
   8.2560927422960229E-005   4.8149201692943656E-011
   1.6512189476737202E-004   8.3994003619306302E-011
   3.3024385505536769E-004   4.7369669398252151E-011
   6.6048780874707752E-004   1.0491533619101734E-010
   1.3209756588521034E-003   5.5641486105089232E-011
   2.6419513285090750E-003   1.2526742572007926E-010
   5.2839027437300585E-003   1.2974165012276220E-010
   1.0567805570896985E-002   8.8692537025514842E-011
   2.1135611213487844E-002   1.0331705509998874E-010
   4.2271222449229651E-002   7.4434749430732503E-011
   8.4542444898616662E-002   8.1998775525134253E-011
  0.16908488983820991        1.3429992172795742E-010
  0.33816977967866596        1.1849984007382863E-010
  0.67633955939498203        1.4520096492942147E-010
  0.99999999993418620       0.99999999991574584     
   1.1743451697188156E-010   1.4665466757657342E-010
   3.0025633368513382E-010   1.3776629489981040E-010
   6.2642464306039702E-010   7.1483173547104428E-011
   1.3515534351415948E-009   5.6516499813419330E-011
   2.7673393854232842E-009   8.4290716767521090E-011
   5.5723721054112829E-009   5.4214416810027810E-011
   1.1189654879756317E-008   4.0878766083968232E-011
   2.2437889754534091E-008   7.4699399660663190E-011
   4.4924139620122761E-008   1.2600965420845461E-010
   8.9856438710740616E-008   9.9264121282503087E-011
   1.7972295833154628E-007   7.9553164430328296E-011
   3.5953008345468440E-007   1.3107678572372387E-010
   7.1914295959873975E-007   1.6256827005037668E-010
   1.4383672471834918E-006   1.6107133964617299E-010
   2.8768184739541569E-006   1.2540769258723953E-010
   5.7537011574210206E-006   1.3209643519088550E-010
   1.1507483890761672E-005   1.1286914320425754E-010
   2.3014987144879748E-005   9.6590030421319796E-011
   4.6030067354953935E-005   9.5015878499933393E-011
   9.2060172554350728E-005   9.9267469939221570E-011
   1.8412036788430404E-004   1.3956045381883111E-010
   3.6824083435333180E-004   8.3479615754960555E-011
   7.3648171455474934E-004   1.1065321757842390E-010
   1.4729634570110062E-003   9.6254425480506031E-011
   2.9459269880151712E-003   5.1252713466539494E-011
   5.8918540064235858E-003   4.4891007371887123E-011
   1.1783708094166102E-002   4.9932353287908908E-011
   2.3567416260108283E-002   6.5828809365915233E-011
   4.7134832598723850E-002   1.0514369667486748E-010
   9.4269665255153595E-002   1.1586569072688953E-010
  0.18853933059016675        5.7960358867208463E-011
  0.37707866124311296        6.3623304607698412E-011
  0.75415732253341150        8.1032380491542496E-011
  0.99999999997192957       0.99999999995082256     
   1.3496988943151322E-010   6.2977631790084310E-011
   3.0985400703564814E-010   7.0180098711569716E-011
   7.0435163951332314E-010   4.0703519547935496E-011
   1.4543911699971268E-009   9.6904912479794936E-011
   2.9380318178340303E-009   1.4464451056177274E-010
   5.9760636161865222E-009   1.7223146812819085E-010
   1.2026288881417102E-008   1.2109398005817271E-010
   2.4132236223217696E-008   8.0447026508867134E-011
   4.8324545871836211E-008   9.4505963317103973E-011
   9.6674261021792440E-008   6.7414657806596969E-011
   1.9340608444287644E-007   8.5083218556947183E-011
   3.8688693895783111E-007   1.0334359078362774E-010
   7.7387284141278156E-007   1.3151682181569978E-010
   1.5478011605660202E-006   8.0425541265320694E-011
   3.0956130221684516E-006   9.2591212494227274E-011
   6.1912506743588835E-006   1.0345829749422823E-010
   1.2382534785231741E-005   1.1960007984461642E-010
   2.4765076507109185E-005   1.4426409372899586E-010
   4.9530240640388579E-005   1.0533929631471573E-010
   9.9060495820806060E-005   1.2707710751796153E-010
   1.9812105783070799E-004   1.0381691773644475E-010
   3.9624217416413948E-004   1.0745371823246486E-010
   7.9248439773991000E-004   1.1517698188426884E-010
   1.5849688879627927E-003   1.1898108334081353E-010
   3.1699378015639275E-003   6.3456849421392264E-011
   6.3398756651992724E-003   6.6077340783264646E-011
   1.2679751332815204E-002   5.0178010685868905E-011
   2.5359502726702707E-002   6.7473535256498348E-011
   5.0719005510249174E-002   1.0677403830411780E-010
  0.10143801105789564        8.9951392209160824E-011
  0.20287602215341896        5.3636251016690342E-011
  0.40575204436514944        6.8634693078086458E-011
  0.81150408874137958        6.6843578247062056E-011
   1.0000000000016729       0.99999999998955480     
   9.7632277262782452E-011   6.3631211411063759E-011
   2.9271834262045715E-010   3.7839727878852258E-011
   6.3297110261539835E-010   2.9933062105358399E-011
   1.3651600752617732E-009   6.9918008448882629E-011
   2.8001906002272925E-009   4.7682712596072707E-011
   5.6478796188474956E-009   2.9776047838318831E-011
   1.1340269959192462E-008   1.0668571142615976E-010
   2.2724491000741809E-008   1.3919395277779516E-010
   4.5548699666164705E-008   1.2452718607528553E-010
   9.1109827759540407E-008   1.4689610931052947E-010
   1.8223868129829679E-007   1.3988260695908263E-010
   3.6454298983634725E-007   1.6726062274946974E-010
   7.2913174130675995E-007   9.9564969481632409E-011
   1.4582774011092162E-006   7.8115744090627106E-011
   2.9166520985560856E-006   9.8853491889796226E-011
   5.8333894179286860E-006   5.5715345794089392E-011
   1.1666871398176293E-005   1.2279706951912931E-010
   2.3333789463095972E-005   8.9621644372821458E-011
   4.6667624951229891E-005   8.7893252171041806E-011
   9.3335336516356393E-005   6.3809683464964286E-011
   1.8667071150927500E-004   1.0782447342488260E-010
   3.7334150444100211E-004   1.2118611762287581E-010
   7.4668308104050563E-004   1.2892954805652897E-010
   1.4933661934796415E-003   8.1313027723232157E-011
   2.9867324557634745E-003   1.3275007580467903E-010
   5.9734649281033819E-003   6.6756865257446502E-011
   1.1946929873837366E-002   5.1193593433624782E-011
   2.3893859767479972E-002   9.2424145926742667E-011
   4.7787719602405153E-002   9.7960279377775030E-011
   9.5575439237150783E-002   9.5676876444057132E-011
  0.19115087850638399        5.7202805142811806E-011
  0.38230175709981173        7.3113484092081553E-011
  0.76460351421440098        1.0176136152760331E-010
  0.99999999999243672       0.99999999998647360     
   7.9619109916162500E-011   3.3917724531762339E-011
   1.7627286956478638E-010   1.8566304201515782E-011
   3.6908710115968191E-010   2.0191469752694341E-011
   7.7429342451584837E-010   6.6209025973351307E-011
   1.6449707568311212E-009   5.7653950122599044E-011
   3.2923275830858828E-009   3.1830977706892496E-011
   6.6732723283911832E-009   1.0455065056365061E-010
   1.3437866981484692E-008   1.0701544396971572E-010
   2.6892991557628254E-008   1.0221251218577309E-010
   5.3867424968517819E-008   1.4476711294091892E-010
   1.0779315627595931E-007   1.2727419017546648E-010
   2.1563348783990022E-007   1.3897076494552435E-010
   4.3130020688925130E-007   8.6731246931488065E-011
   8.6265171013108488E-007   8.1408265419028250E-011
   1.7253862367450079E-006   1.3740790270122694E-010
   3.4507729512570388E-006   9.8842898244356440E-011
   6.9015913590900809E-006   1.3846673415657301E-010
   1.3803267071412894E-005   9.4268963937799350E-011
   2.7606607533903725E-005   1.3109010220256633E-010
   5.5213257363908100E-005   1.3639294809480317E-010
   1.1042655531521769E-004   1.2082647162966686E-010
   2.2085316318645049E-004   6.9566577961572782E-011
   4.4170636674167180E-004   1.1299631531404894E-010
   8.8341275996223038E-004   8.7284028037769564E-011
   1.7668255384212361E-003   1.1930464989776624E-010
   3.5336511389097193E-003   1.2418689707950875E-010
   7.0673023105507563E-003   7.7516675471464432E-011
   1.4134604639537016E-002   8.4278238084799166E-011
   2.8269209332392055E-002   5.8381909141440976E-011
   5.6538418757361042E-002   7.0096691701612339E-011
  0.11307683751784081        5.1776867196738448E-011
  0.22615367509218773        1.2443153089166024E-010
  0.45230735019840135        9.5572742348706432E-011
  0.90461470042771452        8.3218996757940051E-011
  0.99999999993306776       0.99999999994899602     
   8.8962195249342457E-011   1.1514153519520676E-010
   2.3815545369121338E-010   6.1339044954422661E-011
   5.0982121302389771E-010   3.8490915316158336E-011
   1.0740452797974864E-009   6.8357658075668404E-011
   2.1768776729130801E-009   5.9450674418093374E-011
   4.3976873774498326E-009   9.5586729937507942E-011
   8.8279326244944389E-009   4.7959781138877736E-011
   1.7753134830267303E-008   3.4066856554140247E-011
   3.5538107314575518E-008   1.1258496718046353E-010
   7.1111141520391330E-008   7.2833106628140140E-011
   1.4232083195286904E-007   4.8060750205495000E-011
   2.8464585239557083E-007   1.2012596492157066E-010
   5.6937023288489153E-007   8.2102014518448883E-011
   1.1387506118629501E-006   6.6507269357491232E-011
   2.2775449747981097E-006   5.7554711454613408E-011
   4.5551182089459408E-006   8.3700199777815660E-011
   9.1103246480997435E-006   1.2701503055214743E-010
   1.8220716343012033E-005   1.1926854301570515E-010
   3.6441508469327311E-005   1.4983391093210137E-010
   7.2883102276655176E-005   1.5088667903354345E-010
   1.4576622794830116E-004   1.7527234568944094E-010
   2.9153248202484772E-004   1.2514017968926693E-010
   5.8306499399998074E-004   1.3712229453207264E-010
   1.1661300871834285E-003   1.4519248048947883E-010
   2.3322602172277940E-003   1.3676273874823229E-010
   4.6645204808356787E-003   7.8628171045170551E-011
   9.3290409798593814E-003   1.2565014882113853E-010
   1.8658082010054505E-002   1.5592256940143731E-010
   3.7316164109912613E-002   1.0707789313057640E-010
   7.4632328282739330E-002   1.5107892266136088E-010
  0.14926465661988353        1.5860635497202856E-010
  0.29852931324524806        9.8265346126849054E-011
  0.59705862658802555        1.2565356685149246E-010
  0.99999999996133415       0.99999999987758026     
   1.7426345783055908E-010   1.5996342098145711E-010
   4.4549361422063782E-010   9.9296428718309571E-011
   9.1384434568186901E-010   1.0934295656406245E-010
   1.9173391103965987E-009   1.0961930928948815E-010
   3.8431555030374320E-009   1.3250805097272944E-010
   7.7634199849990759E-009   1.3709385948516839E-010
   1.5532033537362516E-008   1.5690337690135031E-010
   3.1071230718535126E-008   1.7791779741106392E-010
   6.2169453161897703E-008   1.3893620225114388E-010
   1.2440763808713173E-007   1.4431157976241542E-010
   2.4890974090890916E-007   1.4112652178469151E-010
   4.9791065911269916E-007   8.7685958249553815E-011
   9.9590285139450341E-007   7.2125716388073461E-011
   1.9918538904997729E-006   1.2714812946392292E-010
   3.9837780992924010E-006   1.0350483869709702E-010
   7.9675730421668867E-006   1.4200176900872490E-010
   1.5935167090728314E-005   1.2583739830636595E-010
   3.1870371459154917E-005   8.9233959887560483E-011
   6.3740823588474826E-005   6.8200344371761721E-011
   1.2748171306814493E-004   6.7660711949769147E-011
   2.5496347834936400E-004   7.9118656862120806E-011
   5.0992701738574592E-004   1.0626975033981594E-010
   1.0198540369480628E-003   1.3505535945492205E-010
   2.0397081116276554E-003   1.2170730232136943E-010
   4.0794163202252983E-003   1.3548203102540098E-010
   8.1588327197791820E-003   1.4361090921359774E-010
   1.6317665484881165E-002   1.1248042841257543E-010
   3.2635330994184905E-002   1.2646816960175094E-010
   6.5270662009751734E-002   1.2935180027014706E-010
  0.13054132406020838        9.2315218052789429E-011
  0.26108264815473164        7.6303897269888023E-011
  0.52216529637830333        1.3358108544987251E-010
  0.99999999994423716       0.99999999995664934     
   4.5516260031852607E-011   1.4077466276019024E-010
   9.6407714710727843E-011   1.1138312147607188E-010
   2.0917049082386230E-010   1.3529534957645861E-010
   4.1949883768533508E-010   1.2784829705320133E-010
   9.3114445169108218E-010   7.4916842261046890E-011
   1.9167904386115098E-009   4.4762254883604080E-011
   3.8892325896280888E-009   6.0719192803045108E-011
   7.8266081619121630E-009   6.9452877097479077E-011
   1.5694083557032945E-008   9.0637311702225845E-011
   3.1482274912009167E-008   1.1522160039501104E-010
   6.3023513408033693E-008   5.8725097111793790E-011
   1.2607530304464820E-007   6.8100825031388668E-011
   2.5222518552220352E-007   9.0619418939284530E-011
   5.0450580190916638E-007   7.2168254371673143E-011
   1.0090233201363527E-006   5.2246165907071245E-011
   2.0180820707749875E-006   1.0695406375112162E-010
   4.0361907149462362E-006   7.2644121665889248E-011
   8.0724228748128846E-006   1.0113748469433090E-010
   1.6144898716076439E-005   5.7854218389061562E-011
   3.2289844426720837E-005   6.6822622310923502E-011
   6.4579698739158052E-005   8.2736778477187575E-011
   1.2915941075978057E-004   6.2992931673077872E-011
   2.5831886534862306E-004   6.6809093658398557E-011
   5.1663783007781239E-004   1.2261944618618118E-010
   1.0332756951496082E-003   1.0522475789614540E-010
   2.0665514704621274E-003   1.5082920251110810E-010
   4.1331029710460834E-003   1.3307837778704540E-010
   8.2662059972843059E-003   8.0863615954696907E-011
   1.6532412045223096E-002   9.0415311424663512E-011
   3.3064824163410313E-002   5.3467405367402459E-011
   6.6129648348526873E-002   4.4026392533214162E-011
  0.13225929673557563        5.9475337294784320E-011
  0.26451859349758761        4.6206121984529472E-011
  0.52903718708082548        4.7645750053866577E-011
   1.0000000000416907        1.0000000000314699     
   6.4949705336214691E-011  -6.3953842222019830E-012
   1.5830750946244088E-010   5.1783660692805711E-011
   3.8850477696028562E-010   7.7420857919063835E-011
   8.2565803152800932E-010   7.3897292798830172E-011
   1.7371636837348881E-009   7.8169669522065721E-011
   3.4763676583660780E-009   1.3065356652477988E-010
   7.0486868065412767E-009   1.2218997103193019E-010
   1.4197161776925704E-008   1.0114725604391112E-010
   2.8453089559801747E-008   1.3120910548379897E-010
   5.6947001648988138E-008   6.9945272799598959E-011
   1.1394854681698319E-007   4.7982518633815814E-011
   2.2795456355167998E-007   1.2091325058300470E-010
   4.5597726065077504E-007   8.1177536389562309E-011
   9.1201090750975267E-007   1.2365707043159176E-010
   1.8240511022379891E-006   9.2434684774982828E-011
   3.6482000029189332E-006   1.4470953595510338E-010
   7.2964583763338031E-006   1.0564160307140035E-010
   1.4592968909973858E-005   6.1060261864995855E-011
   2.9186018593897745E-005   9.8695742976311367E-011
   5.8372096664219275E-005   6.9763153800047619E-011
   1.1674421336866497E-004   5.1275215083089194E-011
   2.3348845481607761E-004   4.5384077625614531E-011
   4.6697698893761325E-004   1.0987468186210672E-010
   9.3395405679525673E-004   6.4011885865981681E-011
   1.8679081295912611E-003   5.6708516253203036E-011
   3.7358163353264813E-003   8.0061216286193438E-011
   7.4716327098322648E-003   1.2682975240411503E-010
   1.4943265452933958E-002   1.2308513798927220E-010
   2.9886530983888895E-002   1.6021545829839971E-010
   5.9773062063213152E-002   1.6238757874949729E-010
  0.11954612420413013        1.4983685976919603E-010
  0.23909224849245508        1.3771826466145903E-010
  0.47818449706174954        1.0852464279025956E-010
  0.95636899418202481        9.6267432590028020E-011
  0.99999999998389244       0.99999999995150846     
   1.1756877416058131E-010   1.2985376662832948E-010
   2.9022943076606467E-010   9.4406173850591912E-011
   6.3915744225040427E-010   9.4635082756311384E-011
   1.3681788063601985E-009   9.0241660498369125E-011
   2.7623495296724698E-009   9.1524096895029272E-011
   5.5247029694095369E-009   1.1156851289183256E-010
   1.1058589965622018E-008   1.1201484954436597E-010
   2.2185084169032277E-008   1.2276975654623365E-010
   4.4444694723127777E-008   1.2663138785717724E-010
   8.8987588291144484E-008   9.1284888597219747E-011
   1.7805345350195730E-007   4.6160599424620568E-011
   3.5611558825407777E-007   2.8999994568142942E-011
   7.1232385343678690E-007   3.5965918338635712E-011
   1.4247258424826678E-006   4.3349074627432036E-011
   2.8494803440716737E-006   9.5490768219237270E-011
   5.6989902738626384E-006   9.5064414747878453E-011
   1.1398071545066883E-005   1.3983832151506666E-010
   2.2796232268742708E-005   9.4984607003897308E-011
   4.5592539778049196E-005   1.1588324918639758E-010
   9.1185126366775254E-005   1.0533382586767531E-010
   1.8237027360881383E-004   1.0330589899378531E-010
   3.6474063699469539E-004   1.3515956084493137E-010
   7.2948136985998002E-004   1.6488991953575924E-010
   1.4589628315635206E-003   9.7315318184731537E-011
   2.9179256894160521E-003   8.8306429470352632E-011
   5.8358514559771583E-003   1.2121498836415990E-010
   1.1671702989525877E-002   1.0605532024016701E-010
   2.3343406020919034E-002   1.1665974583177916E-010
   4.6686812106547661E-002   1.3253007445447744E-010
   9.3373624296044511E-002   9.3478563798329161E-011
  0.18674724867011114        6.4780081656033373E-011
  0.37349449735222195        1.1116072524765455E-010
  0.74698899480362924        6.3305839999702307E-011
  0.99999999997918743        1.0000000000208058     
   4.2548402301445520E-011   7.3675239520287761E-011
   1.2813212296736154E-010   1.3143388807868028E-010
   3.3612011784978080E-010   1.0343483534958064E-010
   6.9691939545701853E-010   1.3458787816861273E-010
   1.3979991235826827E-009   9.0154014028426266E-011
   2.8053982574494096E-009   1.3121992620095113E-010
   5.6151456036962477E-009   1.6107507808029581E-010
   1.1312714421479741E-008   1.6743889320837077E-010
   2.2676626253853582E-008   1.5872984033388736E-010
   4.5453082443691617E-008   1.2111067979384254E-010
   9.0927325132814096E-008   1.0092606749114016E-010
   1.8186554072603667E-007   8.6668756193460745E-011
   3.6374076909078540E-007   6.3726987572791292E-011
   7.2752024717938346E-007   1.1422142675979375E-010
   1.4551304149991451E-006   1.5369436417923916E-010
   2.9103425365217817E-006   1.1853109535515291E-010
   5.8207668170925930E-006   1.3176186912359038E-010
   1.1641579486583453E-005   1.0739096955443746E-010
   2.3283218243713710E-005   1.1403145710668037E-010
   4.6566503239288404E-005   1.5575874231889668E-010
   9.3133080388267675E-005   7.8299583906425603E-011
   1.8626622332267029E-004   5.2167542025554429E-011
   3.7253253625489646E-004   9.3866987552440230E-011
   7.4506510534274803E-004   7.0616780011141334E-011
   1.4901302558314386E-003   1.0338273477786601E-010
   2.9802605375458136E-003   6.6290644037640978E-011
   5.9605211454765612E-003   9.3023292656154733E-011
   1.1921042360049761E-002   5.3882857608326679E-011
   2.3842084808064060E-002   4.7237811434288349E-011
   4.7684169637802011E-002   9.6878762231662337E-011
   9.5368339354166262E-002   1.4426083605319267E-010
  0.19073667877987854        1.4617810267717633E-010
  0.38147335757927997        9.4633746186196512E-011
  0.76294671516060575        1.3123284448699797E-010
  0.99999999994484989       0.99999999989062960     
   1.5139019898802175E-010   1.3644051860550732E-010
   3.7046550549479917E-010   1.5180475973486374E-010
   7.4598021596733455E-010   1.3818374743068684E-010
   1.5553295890785579E-009   1.1486511655028897E-010
   3.1216112932400120E-009   1.2995601079632269E-010
   6.2449742955009158E-009   1.0626161387437827E-010
   1.2543766055375660E-008   6.3356532585372161E-011
   2.5151567526610075E-008   7.5255508801604781E-011
   5.0305915085500919E-008   6.1875543940935127E-011
   1.0064482017409226E-007   9.4122007591817235E-011
   2.0132721721341507E-007   1.0152501001757476E-010
   4.0273131950846475E-007   5.8656592302356930E-011
   8.0553891107504327E-007   3.4154746588407089E-011
   1.6110962815420876E-006   6.4110372317403451E-011
   3.2222764111099200E-006   6.5900397514444758E-011
   6.4445896571750649E-006   1.1833001308687818E-010
   1.2889257985593261E-005   8.7021333163829260E-011
   2.5778597500920875E-005   1.1384383642564280E-010
   5.1557284791017843E-005   1.4395953144063529E-010
   1.0311461086352086E-004   9.0177851120029774E-011
   2.0622927717137834E-004   9.8181979818616555E-011
   4.1245858943959185E-004   1.2162011844569987E-010
   8.2491727607816867E-004   8.4342736765586850E-011
   1.6498345662411531E-003   6.5945993012895251E-011
   3.2996692126383270E-003   1.1520301790962111E-010
   6.5993384653782079E-003   1.4439035589727547E-010
   1.3198676990993440E-002   7.6061135415984926E-011
   2.6397354057499982E-002   8.6801783940249794E-011
   5.2794708212860107E-002   7.8926141378988043E-011
  0.10558941649870862        5.5967358209474587E-011
  0.21117883308530508        5.9016431861136462E-011
  0.42235766623836851        4.4545322906824940E-011
  0.84471533250552211        1.1294334075143411E-010
  0.99999999988927357       0.99999999994622812     
   1.4823148264397901E-010   1.3670496679107913E-010
   3.5327386849193232E-010   8.9486694096474473E-011
   7.0958564263139123E-010   1.0295503252016891E-010
   1.4833359518982847E-009   6.6983354193167477E-011
   2.9734982570812918E-009   6.4244167928204088E-011
   6.0044271403894567E-009   6.8982955957717917E-011
   1.2029857622206097E-008   3.7988554088454890E-011
   2.4135410284925607E-008   2.5517004281034802E-011
