  0.20000000298023224       0.44999998807907104     
  0.40000000596046448       0.22499999403953552     
  0.80000001192092896       0.11249999701976776     
  0.39999997615814209       0.94375000149011612     
  0.79999995231628418       0.47187500074505806     
  0.40000009536743164       0.76406249962747097     
  0.80000019073486328       0.38203124981373549     
  0.39999961853027344       0.80898437509313226     
  0.79999923706054688       0.40449218754656613     
  0.40000152587890625       0.79775390622671694     
  0.80000305175781250       0.39887695311335847     
  0.39999389648437500       0.80056152344332077     
  0.79998779296875000       0.40028076172166038     
  0.40002441406250000       0.79985961913916981     
  0.80004882812500000       0.39992980956958490     
  0.39990234375000000       0.80003509521520755     
  0.79980468750000000       0.40001754760760377     
  0.40039062500000000       0.79999122619619811     
  0.80078125000000000       0.39999561309809906     
  0.39843750000000000       0.80000219345095047     
  0.79687500000000000       0.40000109672547524     
  0.40625000000000000       0.79999945163726238     
  0.81250000000000000       0.39999972581863119     
  0.37500000000000000       0.80000013709068440     
  0.75000000000000000       0.40000006854534220     
  0.50000000000000000       0.79999996572732890     
   1.0000000000000000       0.60000001713633555     
   0.0000000000000000       0.69999999143183222     
   0.0000000000000000       0.34999999571591611     
   0.0000000000000000       0.17499999785795806     
   0.0000000000000000        8.7499998928979028E-002
   0.0000000000000000        4.3749999464489514E-002
   0.0000000000000000        2.1874999732244757E-002
   0.0000000000000000        1.0937499866122379E-002
   0.0000000000000000        5.4687499330611893E-003
   0.0000000000000000        2.7343749665305946E-003
   0.0000000000000000        1.3671874832652973E-003
   0.0000000000000000        6.8359374163264866E-004
   0.0000000000000000        3.4179687081632433E-004
   0.0000000000000000        1.7089843540816216E-004
   0.0000000000000000        8.5449217704081082E-005
   0.0000000000000000        4.2724608852040541E-005
   0.0000000000000000        2.1362304426020271E-005
   0.0000000000000000        1.0681152213010135E-005
   0.0000000000000000        5.3405761065050676E-006
   0.0000000000000000        2.6702880532525338E-006
   0.0000000000000000        1.3351440266262669E-006
   0.0000000000000000        6.6757201331313345E-007
   0.0000000000000000        3.3378600665656673E-007
   0.0000000000000000        1.6689300332828336E-007
   0.0000000000000000        8.3446501664141682E-008
   0.0000000000000000        4.1723250832070841E-008
   0.0000000000000000        2.0861625416035420E-008
   0.0000000000000000        1.0430812708017710E-008
   0.0000000000000000        5.2154063540088551E-009
   0.0000000000000000        2.6077031770044276E-009
   0.0000000000000000        1.3038515885022138E-009
   0.0000000000000000        6.5192579425110689E-010
   0.0000000000000000        3.2596289712555344E-010
   0.0000000000000000        1.6298144856277672E-010
   0.0000000000000000        8.1490724281388361E-011
   0.0000000000000000        4.0745362140694181E-011
   0.0000000000000000        2.0372681070347090E-011
   0.0000000000000000        1.0186340535173545E-011
   0.0000000000000000        5.0931702675867726E-012
   0.0000000000000000        2.5465851337933863E-012
   0.0000000000000000        1.2732925668966931E-012
   0.0000000000000000        6.3664628344834657E-013
   0.0000000000000000        3.1832314172417329E-013
   0.0000000000000000        1.5916157086208664E-013
   0.0000000000000000        7.9580785431043321E-014
   0.0000000000000000        3.9790392715521661E-014
   0.0000000000000000        1.9895196357760830E-014
   0.0000000000000000        9.9475981788804152E-015
   0.0000000000000000        4.9737990894402076E-015
   0.0000000000000000        2.4868995447201038E-015
   0.0000000000000000        1.2434497723600519E-015
   0.0000000000000000        6.2172488618002595E-016
   0.0000000000000000        3.1086244309001297E-016
   0.0000000000000000        1.5543122154500649E-016
   0.0000000000000000        7.7715610772503244E-017
   0.0000000000000000        3.8857805386251622E-017
   0.0000000000000000        1.9428902693125811E-017
   0.0000000000000000        9.7144513465629054E-018
   0.0000000000000000        4.8572256732814527E-018
   0.0000000000000000        2.4286128366407264E-018
   0.0000000000000000        1.2143064183203632E-018
   0.0000000000000000        6.0715320916018159E-019
   0.0000000000000000        3.0357660458009080E-019
   0.0000000000000000        1.5178830229004540E-019
   0.0000000000000000        7.5894151145022699E-020
   0.0000000000000000        3.7947075572511349E-020
   0.0000000000000000        1.8973537786255675E-020
   0.0000000000000000        9.4867688931278373E-021
   0.0000000000000000        4.7433844465639187E-021
   0.0000000000000000        2.3716922232819593E-021
   0.0000000000000000        1.1858461116409797E-021
   0.0000000000000000        5.9292305582048983E-022
   0.0000000000000000        2.9646152791024492E-022
   0.0000000000000000        1.4823076395512246E-022
